1.	10 numbers in almost sorted order (a few out of order)
-95 -90 -83 -77 -71 -66 -47 -53 -49 -41 
2.	10 numbers in random order
-41 69 -23 -42 55 -74 52 -66 6 -25 
3.	10 numbers in reverse order (a few out of order)
58 54 49 47 46 42 40 33 -52 26 
4.	30 numbers in almost sorted order (a few out of order)
-88 -83 -75 -67 -62 -60 -57 -51 -45 -40 -37 -34 -27 -19 4 -8 -3 2 7 8 11 18 25 31 37 42 45 52 57 58 
5.	30 numbers in random order
-97 30 -84 69 90 3 -50 63 -73 -86 75 -32 -54 47 -47 -83 -29 46 43 35 91 51 -58 -56 -28 53 9 85 -78 84 
6.	30 numbers in reverse order (a few out of order)
15 9 6 -2 -8 -10 -18 -19 -21 -23 -26 -29 -30 -34 -36 -38 29 -49 -50 78 -57 -59 -61 -69 -75 -83 -15 -90 -94 -99 
7.	50 numbers in almost sorted order (a few out of order)
19 24 31 38 45 49 52 55 62 65 67 57 83 73 78 81 84 92 98 100 104 109 112 120 128 -49 136 140 -81 153 160 166 171 174 179 180 187 190 80 200 206 211 218 226 229 237 242 243 247 255 
8.	50 numbers in random order
-8 -52 -93 25 12 98 8 -53 88 60 41 -92 -79 -40 -86 -23 -2 30 -21 -90 81 1 -73 -47 51 -82 17 -97 19 71 46 -77 -12 -59 39 -18 -19 83 -72 61 -13 -28 -98 23 -32 75 96 -11 49 29 
9.	50 numbers in reverse order (or almost reverse)
4 0 -3 -9 -15 -20 -28 -33 -36 -43 -47 -55 -57 -59 -66 79 -78 -85 -26 -97 -102 -103 -109 -112 -114 -122 29 -125 -128 -131 -133 -135 65 -146 69 -154 -157 -161 -162 -166 -173 -174 -179 -184 -186 -193 -196 -199 -200 -206 
